43.23918305 76.91730499338163
43.2510845 76.9644525
43.2624814 76.9527506
43.2352319 76.9419277
43.24426484999999 76.95735925
43.2576685 76.9617823
43.2601222 76.9488505
43.242933 76.9517451
43.2293811 76.9192599
43.2598521 76.9444435
43.2158651 76.9252262
43.1953831 76.89312519497852
43.1994083 76.89369535
43.19730735 76.89309524999999
43.1953831 76.89312519497852
43.1994083 76.89369535
43.2005107 76.8942856
43.20583795 76.8936731
43.236792750000006 76.91297776300792
43.2392977 76.9027691
43.2342062 76.9552504
43.2302404 76.95889224999999
43.2394285 76.907985
43.2403402 76.9179489
43.2506115 76.9316398
43.2501793 76.9483155
43.2251074 76.9105072
43.2519787 76.8880585
45.256062 82.492783
43.23575525 76.94016122068541
46.1705668 80.9384699
43.219842549999996 76.91835188749678
43.2576685 76.9617823
43.2601222 76.9488505
43.2594227 76.958666
43.2633234 76.9351381
43.262849 76.9577624
43.2424246 76.9485334
43.2365081 76.9146498
43.2539644 76.9571941
